Average:43.69101262688784,
Median: 25.0,
Variance: 2747.239510710165